6.169612287739158774e+02
6.180026245037598756e+02
6.189893985194570405e+02
6.192802262274391296e+02
6.194985264358550694e+02
6.197606899481355640e+02
6.199939105485068467e+02
6.202856832747954741e+02
6.205192992784042190e+02
6.207677091936476472e+02
6.210016885341924535e+02
6.212651262373700547e+02
6.214848284710479902e+02
6.217486763753556716e+02
6.219980718746331831e+02
6.222329799067800877e+02
6.224827642051923249e+02
6.227768849854355722e+02
6.229829349798585554e+02
6.232627924639976982e+02
6.235281526651148170e+02
6.237789782169552382e+02
6.239856920262403719e+02
6.242368859344888961e+02
6.244882821892776974e+02
6.247546872815762526e+02
6.250065009026095595e+02
6.260009227186084217e+02
6.269985142870024220e+02
6.280292138264411506e+02
6.289732515567886821e+02
6.299803476357874388e+02
6.304775665201058246e+02
6.310208831301234795e+02
6.314743628758383238e+02
6.320193997563551420e+02
6.325046675335356667e+02
6.330058811066195403e+02
6.334774423103431218e+02
6.340259443324091535e+02
6.344990272928370132e+02
6.350340025291187658e+02
6.359992350027629300e+02
6.369981903841764961e+02
